
cam_ids:
- 19432830
cam_aliases:
- cam0
master_cam: 19432830
skip: 20
delay: 1.0

# Assign all the follwing via launch file to prevent confusion and conflict

#save_path: ~/projects/data
#save_type: .bmp #binary or .tiff or .bmp
#binning: 1 # going from 2 to 1 requires cameras to be unplugged and replugged
#color: false
#frames: 50
#soft_framerate: 20 # this frame rate reflects to the software frame rate set using ros::rate
#exp: 997
#to_ros: true  #When to_ros is not selected, but live is selected, pressing 'space' exports single image to ROS

#Camera info message details
distortion_model: plumb_bob
image_height: 1080
image_width: 1440
distortion_coeffs:
- [-0.302856 0.106867 0.001926 0.001794 0.000000]

#specified as [fx  0 cx 0 fy cy 0  0  1]
intrinsic_coeffs:
- [1095.31816, 0.0, 749.78568, 0.0, 1096.94374, 569.07052, 0.0, 0.0, 1.0]

rectification_coeffs:
- [1.000000, 0.000000, 0.000000, 0.000000, 1.000000, 0.000000, 0.000000, 0.000000, 1.000000]

projection_coeffs:
- [938.73212, 0.0, 763.23237, 0.0, 0.0, 1008.9444, 575.75981, 0.0, 0.0, 0.0, 1.0, 0.0]

