
cam_ids:
- 19432830
cam_aliases:
- cam0
master_cam: 19432830
skip: 20
delay: 1.0

# Assign all the follwing via launch file to prevent confusion and conflict

#save_path: ~/projects/data
#save_type: .bmp #binary or .tiff or .bmp
#binning: 1 # going from 2 to 1 requires cameras to be unplugged and replugged
#color: false
#frames: 50
#soft_framerate: 20 # this frame rate reflects to the software frame rate set using ros::rate
#exp: 997
#to_ros: true  #When to_ros is not selected, but live is selected, pressing 'space' exports single image to ROS

#Camera info message details
distortion_model: plumb_bob
image_height: 1080
image_width: 1440
distortion_coeffs:
- [-0.311122, 0.120432, 0.002238, 0.001865, 0.000000]

#specified as [fx  0 cx 0 fy cy 0  0  1]
intrinsic_coeffs:
- [1168.175764, 0.0, 749.669807, 0.0, 1167.954719, 558.439862, 0.0, 0.0, 1.0]

rectification_coeffs:
- [1.000000, 0.000000, 0.000000, 0.000000, 1.000000, 0.000000, 0.000000, 0.000000, 1.000000]

projection_coeffs:
- [1020.876221, 0.0, 761.984018, 0.0, 0.0, 1085.627563, 563.519902, 0.0, 0.0, 0.0, 1.0, 0.0]

